# ==========================================================
# 1. 4x4 SUDOKU - LAK, VEĆ REŠEN
# ==========================================================
1 2 3 4
4 3 2 1
2 1 4 3
3 4 1 2
---
# =========================================================
# 2. 4x4 - SREDNJE TEŽAK
# =========================================================
1 0 0 0
0 2 0 0
0 0 3 0
0 0 0 4
---
# =========================================================
# 3. 4x4 - TEŽAK
# =========================================================
0 0 0 0
0 0 0 0
0 0 0 0
0 0 0 0
---
# =========================================================
# 4. 9x9 SUDOKU - LAKA VERZIJA
# =========================================================
5 3 0 0 7 0 0 0 0
6 0 0 1 9 5 0 0 0
0 9 8 0 0 0 0 6 0
8 0 0 0 6 0 0 0 3
4 0 0 8 0 3 0 0 1
7 0 0 0 2 0 0 0 6
0 6 0 0 0 0 2 8 0
0 0 0 4 1 9 0 0 5
0 0 0 0 8 0 0 7 9
---
# =========================================================
# 5. 9x9 - SREDNJE TEŽAK
# =========================================================
0 0 0 0 0 0 0 0 0
0 0 0 0 0 0 0 0 0
0 0 0 0 0 0 0 0 0
0 0 0 0 0 0 0 0 0
0 0 0 0 0 0 0 0 0
0 0 0 0 0 0 0 0 0
0 0 0 0 0 0 0 0 0
0 0 0 0 0 0 0 0 0
0 0 0 0 0 0 0 0 0
---
# =========================================================
# 6. 9x9 - TEŽAK
# =========================================================
1 0 0 0 0 0 0 0 0
0 2 0 0 0 0 0 0 0
0 0 3 0 0 0 0 0 0
0 0 0 4 0 0 0 0 0
0 0 0 0 5 0 0 0 0
0 0 0 0 0 6 0 0 0
0 0 0 0 0 0 7 0 0
0 0 0 0 0 0 0 8 0
0 0 0 0 0 0 0 0 9
---
# =========================================================
# 7. 16x16 - SREDNJE TEŽAK
# =========================================================
1 0 0 0 0 0 0 0 0 0 0 0 0 0 0 0
0 2 0 0 0 0 0 0 0 0 0 0 0 0 0 0
0 0 3 0 0 0 0 0 0 0 0 0 0 0 0 0
0 0 0 4 0 0 0 0 0 0 0 0 0 0 0 0
0 0 0 0 5 0 0 0 0 0 0 0 0 0 0 0
0 0 0 0 0 6 0 0 0 0 0 0 0 0 0 0
0 0 0 0 0 0 7 0 0 0 0 0 0 0 0 0
0 0 0 0 0 0 0 8 0 0 0 0 0 0 0 0
0 0 0 0 0 0 0 0 9 0 0 0 0 0 0 0
0 0 0 0 0 0 0 0 0 10 0 0 0 0 0 0
0 0 0 0 0 0 0 0 0 0 11 0 0 0 0 0
0 0 0 0 0 0 0 0 0 0 0 12 0 0 0 0
0 0 0 0 0 0 0 0 0 0 0 0 13 0 0 0
0 0 0 0 0 0 0 0 0 0 0 0 0 14 0 0
0 0 0 0 0 0 0 0 0 0 0 0 0 0 15 0
0 0 0 0 0 0 0 0 0 0 0 0 0 0 0 16
---
# =========================================================
# 8. 16x16 - TEŽAK
# =========================================================
0 0 0 0 0 0 0 0 0 0 0 0 0 0 0 0
0 0 0 0 0 0 0 0 0 0 0 0 0 0 0 0
0 0 0 0 0 0 0 0 0 0 0 0 0 0 0 0
0 0 0 0 0 0 0 0 0 0 0 0 0 0 0 0
0 0 0 0 0 0 0 0 0 0 0 0 0 0 0 0
0 0 0 0 0 0 0 0 0 0 0 0 0 0 0 0
0 0 0 0 0 0 0 0 0 0 0 0 0 0 0 0
0 0 0 0 0 0 0 0 0 0 0 0 0 0 0 0
0 0 0 0 0 0 0 0 0 0 0 0 0 0 0 0
0 0 0 0 0 0 0 0 0 0 0 0 0 0 0 0
0 0 0 0 0 0 0 0 0 0 0 0 0 0 0 0
0 0 0 0 0 0 0 0 0 0 0 0 0 0 0 0
0 0 0 0 0 0 0 0 0 0 0 0 0 0 0 0
0 0 0 0 0 0 0 0 0 0 0 0 0 0 0 0
0 0 0 0 0 0 0 0 0 0 0 0 0 0 0 0
0 0 0 0 0 0 0 0 0 0 0 0 0 0 0 0
---
# =========================================================
# 9. 25X25 - PROBLEM VELIKIH DIMENZIJA
# =========================================================
1 0 0 0 0 0 0 0 0 0 0 0 0 0 0 0 0 0 0 0 0 0 0 0 0
0 2 0 0 0 0 0 0 0 0 0 0 0 0 0 0 0 0 0 0 0 0 0 0 0
0 0 3 0 0 0 0 0 0 0 0 0 0 0 0 0 0 0 0 0 0 0 0 0 0
0 0 0 4 0 0 0 0 0 0 0 0 0 0 0 0 0 0 0 0 0 0 0 0 0
0 0 0 0 5 0 0 0 0 0 0 0 0 0 0 0 0 0 0 0 0 0 0 0 0
0 0 0 0 0 6 0 0 0 0 0 0 0 0 0 0 0 0 0 0 0 0 0 0 0
0 0 0 0 0 0 7 0 0 0 0 0 0 0 0 0 0 0 0 0 0 0 0 0 0
0 0 0 0 0 0 0 8 0 0 0 0 0 0 0 0 0 0 0 0 0 0 0 0 0
0 0 0 0 0 0 0 0 9 0 0 0 0 0 0 0 0 0 0 0 0 0 0 0 0
0 0 0 0 0 0 0 0 0 10 0 0 0 0 0 0 0 0 0 0 0 0 0 0 0
0 0 0 0 0 0 0 0 0 0 11 0 0 0 0 0 0 0 0 0 0 0 0 0 0
0 0 0 0 0 0 0 0 0 0 0 12 0 0 0 0 0 0 0 0 0 0 0 0 0
0 0 0 0 0 0 0 0 0 0 0 0 13 0 0 0 0 0 0 0 0 0 0 0 0
0 0 0 0 0 0 0 0 0 0 0 0 0 14 0 0 0 0 0 0 0 0 0 0 0
0 0 0 0 0 0 0 0 0 0 0 0 0 0 15 0 0 0 0 0 0 0 0 0 0
0 0 0 0 0 0 0 0 0 0 0 0 0 0 0 16 0 0 0 0 0 0 0 0 0
0 0 0 0 0 0 0 0 0 0 0 0 0 0 0 0 17 0 0 0 0 0 0 0 0
0 0 0 0 0 0 0 0 0 0 0 0 0 0 0 0 0 18 0 0 0 0 0 0 0
0 0 0 0 0 0 0 0 0 0 0 0 0 0 0 0 0 0 19 0 0 0 0 0 0
0 0 0 0 0 0 0 0 0 0 0 0 0 0 0 0 0 0 0 20 0 0 0 0 0
0 0 0 0 0 0 0 0 0 0 0 0 0 0 0 0 0 0 0 0 21 0 0 0 0
0 0 0 0 0 0 0 0 0 0 0 0 0 0 0 0 0 0 0 0 0 22 0 0 0
0 0 0 0 0 0 0 0 0 0 0 0 0 0 0 0 0 0 0 0 0 0 23 0 0
0 0 0 0 0 0 0 0 0 0 0 0 0 0 0 0 0 0 0 0 0 0 0 24 0
0 0 0 0 0 0 0 0 0 0 0 0 0 0 0 0 0 0 0 0 0 0 0 0 25
---
# =========================================================
# 10. 9X9 - NEREŠIV PROBLEM
# =========================================================
1 1 0 0 0 0 0 0 0
0 0 0 0 0 0 0 0 0
0 0 0 0 0 0 0 0 0
0 0 0 0 0 0 0 0 0
0 0 0 0 0 0 0 0 0
0 0 0 0 0 0 0 0 0
0 0 0 0 0 0 0 0 0
0 0 0 0 0 0 0 0 0
0 0 0 0 0 0 0 0 0
---
# =========================================================
# 11. 16x16 SUDOKU - NEREŠIV PROBLEM
# =========================================================
1  2  3  4  5  6  7  8  9 10 11 12 13 14 15  0
3  4  5  6  7  8  9 10 11 12 13 14 15 16  0  2
5  6  7  8  9 10 11 12 13 14 15 16  1  2  0  4
7  8  9 10 11 12 13 14 15 16  1  2  3  4  5  0
9 10 11 12 13 14 15 16  1  2  3  4  5  6  0  8
11 12 13 14 15 16  1  2  3  4  5  6  7  0  9 10
13 14 15 16  1  2  3  4  5  6  7  8  9 10 11 12
15 16  1  2  3  4  5  6  7  8  9 10  0 12 13 14
16  1  2  3  4  5  6  7  8  9 10 11 12 13 14 15
2  3  4  5  6  7  8  9 10 11 12 13 14 15 16  1
4  5  6  7  8  9 10 11 12 13 14 15 16  1  2  3
6  7  8  9 10 11 12 13 14 15 16  1  2  3  4  5
8  9 10 11 12 13 14 15 16  1  2  3  4  5  6  7
10 11 12 13 14 15 16  1  2  3  4  5  6  7  8  9
12 13 14 15 16  1  2  3  4  5  6  7  8  9 10 11
14 15 16  1  2  3  4  5  6  7  8  9 10 11 12  0
---
